1 -4.840199599999999
2 -5.890655000000002
3 -6.606221000000005
4 -7.263338
5 -7.869819000000002
6 -8.455621999999991
7 -8.981817999999997
8 -9.567512000000015
9 -10.183886000000001
10 -10.73459799999999
11 -11.24172000000001
12 -11.772080000000003
13 -12.329719999999988
14 -12.766219999999981
15 -13.370299999999974
16 -13.891199999999992
17 -14.385599999999965
18 -14.811430000000001
19 -15.249669999999997
20 -15.714199999999998
21 -16.173199999999987
22 -16.59597000000001
23 -17.037139999999965
24 -17.477499999999996
25 -17.944099999999988
26 -18.321150000000017
27 -18.734480000000005
28 -19.133800000000015
29 -19.60721
30 -19.94460000000002
31 -20.26409999999998
32 -20.63050000000001
33 -21.197899999999986
34 -21.47662000000001
35 -21.916800000000023
36 -22.238699999999987
37 -22.660099999999964
38 -23.011699999999983
39 -23.416879999999995
40 -23.807500000000008
41 -24.2406
42 -24.495499999999975
43 -25.149250000000016
44 -25.393400000000028
45 -25.709691000000014
46 -26.079749999999997
47 -26.53653999999994
48 -26.94429999999999
49 -27.162900000000022
50 -27.39819999999998
51 -27.81896000000004
52 -28.16820000000002
53 -28.681920000000034
54 -28.89166000000003
55 -29.102270000000015
56 -29.570820000000005
57 -29.591499999999975
58 -29.953180000000035
59 -30.213639999999977
60 -30.527010000000004
61 -30.903920000000024
62 -30.810415999999968
63 -31.383430000000022
64 -31.69893
65 -31.930850000000014
66 -32.50810000000003
67 -32.63939999999999
68 -32.968799999999995
69 -33.13755999999998
70 -33.44443999999999
71 -33.61560000000002
72 -34.08960699999999
73 -34.278620000000004
74 -34.077126000000014
75 -34.58890000000002
76 -35.18190000000001
77 -34.99028000000003
78 -35.29248000000002
79 -35.613570000000024
80 -35.68887900000002
81 -35.93249999999995
82 -36.264694000000084
83 -36.535299999999964
84 -36.37294
85 -36.99900000000005
86 -37.177056999999984
87 -37.53174000000002
88 -37.50040000000006
89 -37.792860000000026
90 -37.266780000000026
91 -38.13996000000005
92 -38.19292000000002
93 -38.41320000000004
94 -38.565979999999996
95 -38.60374400000002
96 -38.174420000000026
97 -39.04496999999997
98 -39.18099999999999
99 -39.153369999999946
100 -39.41469999999997
101 -39.9244
102 -39.61168000000003
103 -39.7036
104 -39.64860000000008
105 -40.20940000000004
